1 0.313209494140625 0.636801541015625 0.326109390625 0.612716763671875 0.326109390625 0.598265896484375 0.31630546875 0.529865125 0.305469556640625 0.503853564453125 0.296181630859375 0.502890173828125 0.28173374609375 0.50770712890625 0.26418988671875 0.532755298828125 0.26522187890625 0.55298651171875 0.278637771484375 0.622350673828125 0.286377708984375 0.643545279296875 0.313209494140625 0.636801541015625
1 0.310629515625 0.50867051953125 0.324045408203125 0.49421965234375 0.318369453125 0.4547206171875 0.31011351953125 0.445086705078125 0.2899896796875 0.446050095703125 0.2724458203125 0.465317919921875 0.271413828125 0.473988439453125 0.279153767578125 0.50770712890625 0.304953560546875 0.501926783203125 0.310629515625 0.50867051953125
1 0.329721361328125 0.60886319921875 0.35603715234375 0.6021194609375 0.367389060546875 0.578034681640625 0.36326109375 0.541425818359375 0.3565531484375 0.5154142578125 0.349845201171875 0.499036609375 0.34520123828125 0.495183044921875 0.326109390625 0.495183044921875 0.320949431640625 0.5 0.311661505859375 0.511560693359375 0.311661505859375 0.5154142578125 0.3204334375 0.55202312109375 0.329721361328125 0.60886319921875
0 0.4814241484375 0.569364162109375 0.476264189453125 0.584778419921875 0.475748193359375 0.606936416015625 0.4736842109375 0.612716763671875 0.486584107421875 0.607899806640625 0.494840041015625 0.629094412109375 0.49845201171875 0.628131021484375 0.504643962890625 0.636801541015625 0.5087719296875 0.657032755859375 0.505675955078125 0.629094412109375 0.511867904296875 0.6319845859375 0.514963880859375 0.629094412109375 0.5165118671875 0.616570328125 0.51909184765625 0.616570328125 0.51599587109375 0.59633911328125 0.51805985546875 0.584778419921875 0.525283796875 0.5741811171875 0.524767802734375 0.570327552734375 0.517543859375 0.56454720703125 0.514447884765625 0.553949904296875 0.520639833984375 0.5433526015625 0.51135191015625 0.549132947265625 0.50825593359375 0.546242775390625 0.506191951171875 0.533718689453125 0.50928792578125 0.504816955078125 0.50154798828125 0.4865125234375 0.4912280703125 0.47784200390625 0.48090815234375 0.496146435546875 0.479360166015625 0.503853564453125 0.48194014453125 0.526974951171875 0.478844169921875 0.53564547265625 0.4814241484375 0.549132947265625 0.4814241484375 0.569364162109375
1 0.326109390625 0.49229287109375 0.350361197265625 0.498073216796875 0.358101134765625 0.5144508671875 0.36480908203125 0.539499037109375 0.37461300390625 0.528901734375 0.373065015625 0.500963390625 0.3642930859375 0.453757224609375 0.36326109375 0.428709056640625 0.35552115625 0.410404625 0.341073271484375 0.407514451171875 0.33436532421875 0.409441232421875 0.322497419921875 0.421001927734375 0.3173374609375 0.41811175390625 0.3095975234375 0.423892099609375 0.2997936015625 0.44026975 0.2997936015625 0.443159923828125 0.30908152734375 0.445086705078125 0.3173374609375 0.452793833984375 0.326109390625 0.49229287109375
1 0.406604748046875 0.31695568359375 0.40970072265625 0.30057803515625 0.404540763671875 0.276493255859375 0.394736841796875 0.27071291015625 0.39112487109375 0.25818882421875 0.385964912109375 0.25626204296875 0.3818369453125 0.261078998046875 0.378224974609375 0.28612716796875 0.38235294140625 0.313102119140625 0.393704849609375 0.318882466796875 0.406604748046875 0.31695568359375
1 0.36377708984375 0.323699421875 0.380804953125 0.31695568359375 0.3818369453125 0.2784200390625 0.3797729609375 0.27360308203125 0.360165119140625 0.266859345703125 0.35603715234375 0.25915221484375 0.35603715234375 0.245664740234375 0.35397316796875 0.24084778515625 0.3446852421875 0.24277456640625 0.348813208984375 0.299614642578125 0.35603715234375 0.305394990234375 0.3565531484375 0.314065509765625 0.36377708984375 0.323699421875
1 0.3983488125 0.52312138671875 0.40763673828125 0.502890173828125 0.405056759765625 0.4855491328125 0.4071207421875 0.47206165625 0.40092879296875 0.43545279296875 0.388544892578125 0.41811175390625 0.380804953125 0.413294796875 0.369453044921875 0.414258189453125 0.36274509765625 0.421965318359375 0.366873064453125 0.468208091796875 0.376160990234375 0.525048169921875 0.385964912109375 0.52793834375 0.3983488125 0.52312138671875
1 0.33436532421875 0.408477841796875 0.34726522265625 0.406551060546875 0.35603715234375 0.409441232421875 0.36274509765625 0.41907514453125 0.37048503515625 0.409441232421875 0.369969041015625 0.394026974609375 0.366873064453125 0.386319845703125 0.36377708984375 0.365125240234375 0.35603715234375 0.351637765625 0.33849329296875 0.353564546875 0.3250773984375 0.365125240234375 0.322497419921875 0.369942197265625 0.322497419921875 0.37668593359375 0.328173375 0.413294796875 0.33436532421875 0.408477841796875
1 0.81630546875 0.583815029296875 0.81991744140625 0.6011560703125 0.824045408203125 0.606936416015625 0.839525283203125 0.618497109375 0.857585138671875 0.61753371875 0.869453044921875 0.630057802734375 0.886996904296875 0.6329479765625 0.8916408671875 0.630057802734375 0.905056759765625 0.6021194609375 0.912280701171875 0.578034681640625 0.91950464453125 0.562620423828125 0.922084623046875 0.548169556640625 0.91847265234375 0.53757225390625 0.897316822265625 0.5144508671875 0.896284830078125 0.500963390625 0.888544892578125 0.4865125234375 0.87254901953125 0.474951830078125 0.86274509765625 0.474951830078125 0.858101134765625 0.480732177734375 0.85294117578125 0.496146435546875 0.84726522265625 0.499036609375 0.830753353515625 0.49325626171875 0.8173374609375 0.499036609375 0.80082559375 0.553949904296875 0.7997936015625 0.560693642578125 0.8018575859375 0.570327552734375 0.80908152734375 0.57996146484375 0.81630546875 0.583815029296875
1 0.595975232421875 0.24277456640625 0.593395251953125 0.223506744140625 0.58978328125 0.2196531796875 0.584623322265625 0.2215799609375 0.57378741015625 0.234104046875 0.57069143359375 0.245664740234375 0.5712074296875 0.26300578125 0.5830753359375 0.266859345703125 0.59236326171875 0.26300578125 0.595975232421875 0.24277456640625
1 0.541279669921875 0.20712909375 0.53508771875 0.195568400390625 0.52579979296875 0.195568400390625 0.523735810546875 0.204238921875 0.523735810546875 0.234104046875 0.532507740234375 0.236030828125 0.541279669921875 0.231213873046875 0.541279669921875 0.20712909375
1 0.588235294921875 0.216763005859375 0.57481940234375 0.186897880859375 0.569143447265625 0.185934490234375 0.5655314765625 0.188824662109375 0.564499484375 0.196531791015625 0.557791537109375 0.202312138671875 0.5546955625 0.2196531796875 0.55417956640625 0.238921001953125 0.569143447265625 0.24277456640625 0.57430340625 0.232177263671875 0.588235294921875 0.216763005859375
1 0.76212590234375 0.34393063671875 0.7724458203125 0.342967244140625 0.777089783203125 0.334296724609375 0.78121775 0.303468208984375 0.7734778125 0.295761078125 0.77089783203125 0.277456646484375 0.760577916015625 0.27263969140625 0.75386996875 0.274566474609375 0.7471620234375 0.297687861328125 0.75386996875 0.311175337890625 0.757997935546875 0.340077072265625 0.76212590234375 0.34393063671875