1 0.3740970078125 0.578998072265625 0.3839009296875 0.560693642578125 0.394736841796875 0.55780346875 0.402476779296875 0.55009633984375 0.3993808046875 0.541425818359375 0.396284830078125 0.4836223515625 0.39112487109375 0.4566473984375 0.3839009296875 0.44797687890625 0.367905056640625 0.450867052734375 0.359649123046875 0.4566473984375 0.357069142578125 0.46339113671875 0.357585138671875 0.47880539453125 0.341589267578125 0.4865125234375 0.33642930859375 0.49421965234375 0.332817337890625 0.52119460546875 0.3369453046875 0.546242775390625 0.3359133125 0.561657033203125 0.337977296875 0.570327552734375 0.341589267578125 0.5741811171875 0.349845201171875 0.577071291015625 0.36584107421875 0.5732177265625 0.3740970078125 0.578998072265625
1 0.360165119140625 0.5134874765625 0.36274509765625 0.502890173828125 0.366357068359375 0.498073216796875 0.366357068359375 0.487475916015625 0.359133126953125 0.47976878515625 0.341589267578125 0.4865125234375 0.33746130078125 0.49229287109375 0.333849330078125 0.512524083984375 0.3369453046875 0.56647398828125 0.3446852421875 0.5751445078125 0.360165119140625 0.571290943359375 0.35294117578125 0.569364162109375 0.35294117578125 0.547206166015625 0.359649123046875 0.5452793828125 0.366357068359375 0.53564547265625 0.360165119140625 0.5134874765625
1 0.40970072265625 0.716763005859375 0.412796697265625 0.710019267578125 0.412280701171875 0.6917148359375 0.423632611328125 0.68208092578125 0.430856552734375 0.66859344921875 0.43498451953125 0.66763005859375 0.427760578125 0.63969171484375 0.423116615234375 0.578998072265625 0.421052630859375 0.5732177265625 0.413312693359375 0.570327552734375 0.397316822265625 0.5732177265625 0.393188853515625 0.578034681640625 0.3895768828125 0.59537572265625 0.373065015625 0.599229287109375 0.36171310546875 0.615606935546875 0.360165119140625 0.6310211953125 0.3622291015625 0.685934490234375 0.365325078125 0.6926782265625 0.375128998046875 0.69749518359375 0.376676986328125 0.71387283203125 0.3797729609375 0.7206165703125 0.397316822265625 0.72736030859375 0.40970072265625 0.716763005859375
1 0.276573787109375 0.437379576171875 0.2734778125 0.421001927734375 0.269865841796875 0.417148361328125 0.258513931640625 0.417148361328125 0.25541795703125 0.41907514453125 0.25232198046875 0.4277456640625 0.25335397265625 0.452793833984375 0.249742001953125 0.459537572265625 0.250257998046875 0.467244701171875 0.248194013671875 0.473025048828125 0.250257998046875 0.47687861328125 0.263673890625 0.47784200390625 0.276573787109375 0.473025048828125 0.276573787109375 0.437379576171875
1 0.29308565625 0.44894026953125 0.295149638671875 0.422928708984375 0.303405572265625 0.40269749609375 0.293601650390625 0.393063583984375 0.283281734375 0.394990365234375 0.268317853515625 0.37572254296875 0.265737875 0.3660886328125 0.257481939453125 0.365125240234375 0.25335397265625 0.3680154140625 0.249742001953125 0.394990365234375 0.244066046875 0.406551060546875 0.243034056640625 0.431599228515625 0.240454076171875 0.444123314453125 0.242518060546875 0.473988439453125 0.249742001953125 0.47784200390625 0.27089783203125 0.47784200390625 0.285861712890625 0.469171484375 0.29050567578125 0.44990366015625 0.29308565625 0.44894026953125
1 0.658410732421875 0.341040462890625 0.64602683203125 0.341040462890625 0.639318884765625 0.3371868984375 0.633642931640625 0.351637765625 0.62848297265625 0.357418111328125 0.62745098046875 0.365125240234375 0.626934984375 0.372832369140625 0.62899896875 0.37668593359375 0.656862744140625 0.39113680078125 0.669762642578125 0.387283236328125 0.671826625 0.37668593359375 0.671826625 0.362235068359375 0.66253869921875 0.34393063671875 0.658410732421875 0.341040462890625
1 0.6434468515625 0.341040462890625 0.657378740234375 0.334296724609375 0.654282765625 0.320809248046875 0.6455108359375 0.321772640625 0.6434468515625 0.326589595703125 0.641898865234375 0.3381502890625 0.6434468515625 0.341040462890625
1 0.657894736328125 0.328516376953125 0.668214654296875 0.33140655078125 0.671826625 0.327552986328125 0.673890609375 0.3102119453125 0.67131062890625 0.305394990234375 0.6651186796875 0.306358380859375 0.657378740234375 0.314065509765625 0.657894736328125 0.328516376953125
1 0.639834880859375 0.304431599609375 0.640350876953125 0.318882466796875 0.649122806640625 0.320809248046875 0.654282765625 0.327552986328125 0.659442724609375 0.3073217734375 0.658410732421875 0.30057803515625 0.651702787109375 0.289980732421875 0.642930857421875 0.297687861328125 0.639834880859375 0.304431599609375
1 0.619195046875 0.3082851640625 0.61971104296875 0.31695568359375 0.62745098046875 0.31791907421875 0.631578947265625 0.3102119453125 0.631578947265625 0.30154142578125 0.62951496484375 0.296724470703125 0.624871001953125 0.2947976875 0.620743033203125 0.30057803515625 0.619195046875 0.3082851640625
1 0.810629515625 0.358381501953125 0.80701754296875 0.372832369140625 0.80701754296875 0.383429671875 0.832817337890625 0.38921001953125 0.83849329296875 0.383429671875 0.840557275390625 0.364161849609375 0.833333333984375 0.355491330078125 0.831785345703125 0.348747591796875 0.8250773984375 0.34682080859375 0.810629515625 0.358381501953125
0 0.523219814453125 0.548169556640625 0.522703818359375 0.511560693359375 0.513415892578125 0.501926783203125 0.5087719296875 0.490366087890625 0.505159958984375 0.4865125234375 0.497936015625 0.487475916015625 0.48400412890625 0.5134874765625 0.477296181640625 0.512524083984375 0.4716202265625 0.526011560546875 0.470072240234375 0.556840076171875 0.47316821484375 0.578998072265625 0.4736842109375 0.6030828515625 0.4834881328125 0.600192677734375 0.504643962890625 0.6030828515625 0.509803921875 0.588631984375 0.515479876953125 0.583815029296875 0.523219814453125 0.548169556640625